Time[days],Healthy,Incubation,Infected,Cured,Dead
1,99.96,0,0.04,0,0
2,99.8,0,0.2,0,0
3,99.44,0,0.56,0,0
4,98.8,0,1.2,0,0
5,98.08,0,1.92,0,0
6,96.8,0,3.2,0,0
7,95.56,0,4.24,0,0.2
8,94.16,0,5.52,0,0.32
9,92.12,0,7.44,0,0.44
10,89.8,0,9.56,0,0.64
11,87.48,0,11.64,0,0.88
12,84.6,0,14.36,0,1.04
13,81.64,0,17.08,0,1.28
14,78.12,0,20.16,0,1.72
15,74.72,0,23.2,0,2.08
16,70.88,0,26.4,0,2.72
17,66.56,0,30.4,0,3.04
18,61.8,0,34.64,0.08,3.48
19,57.2,0,38.6,0.24,3.96
20,51.72,0,43.16,0.44,4.68
21,46.6,0,47,0.64,5.76
22,41.12,0,50.92,1.08,6.88
23,35.08,0,55.6,1.36,7.96
24,28.96,0,59.68,2.16,9.2
25,22.24,0,64.4,3,10.36
26,15.92,0,68.44,4.12,11.52
27,10.64,0,71.2,5.32,12.84
28,7.64,0,71.2,6.8,14.36
29,5,0,70.8,8.32,15.88
30,2.88,0,69.72,10.28,17.12
31,1.36,0,67.76,12.8,18.08
32,0.56,0,64.68,15.44,19.32
33,0.24,0,61.36,17.52,20.88
34,0.12,0,56.88,21.04,21.96
35,0,0,53.52,23.36,23.12
36,0,0,49.32,26.44,24.24
37,0,0,45.48,29.28,25.24
38,0,0,41.68,32.08,26.24
39,0,0,36.6,36.2,27.2
40,0,0,31.84,40.12,28.04
41,0,0,26.76,44.48,28.76
42,0,0,22.48,48.2,29.32
43,0,0,18.2,51.92,29.88
44,0,0,14.08,55.44,30.48
45,0,0,10.92,58.2,30.88
46,0,0,7.96,60.84,31.2
47,0,0,5.4,63.24,31.36
48,0,0,3.64,64.88,31.48
49,0,0,2.4,66.04,31.56
50,0,0,1.4,66.96,31.64
