Time[days],Healthy,Incubation,Infected,Cured,Dead
1,99.92,0.04,0.04,0,0
2,99.52,0.44,0.04,0,0
3,99,0.96,0.04,0,0
4,98.56,1.4,0.04,0,0
5,97.92,1.96,0.12,0,0
6,97.12,2.64,0.24,0,0
7,96.2,3.48,0.32,0,0
8,94.84,4.76,0.4,0,0
9,93.48,5.84,0.68,0,0
10,91.92,7.2,0.88,0,0
11,90.16,8.64,1.2,0,0
12,88.08,10.28,1.64,0,0
13,85.88,11.68,2.44,0,0
14,83.68,12.96,3.36,0,0
15,80.84,15.12,4.04,0,0
16,77.8,17.04,5.16,0,0
17,74.92,18.72,6.32,0,0.04
18,71.68,20.48,7.76,0.04,0.04
19,68.32,22.2,9.4,0.04,0.04
20,65.24,23.24,11.44,0.04,0.04
21,61.16,25.44,13.32,0.04,0.04
22,56.24,27.88,15.76,0.04,0.08
23,51.36,30.32,18.16,0.04,0.12
24,46.56,33.4,19.76,0.12,0.16
25,41.84,34.68,22.96,0.32,0.2
26,36.84,36.44,25.92,0.6,0.2
27,31.4,38.4,29.12,0.8,0.28
28,26.4,39.8,32.48,1,0.32
29,21.4,41.48,35.4,1.36,0.36
30,16.8,42.6,38.44,1.8,0.36
31,13.68,41.6,41.92,2.32,0.48
32,10.68,39.96,45.8,3,0.56
33,8.44,36.76,50.36,3.72,0.72
34,6.64,34.48,53.32,4.76,0.8
35,5.24,31.56,56.24,6.16,0.8
36,4.08,28.44,58.52,8.16,0.8
37,2.92,25.48,61.68,9.08,0.84
38,2,22.24,64.2,10.68,0.88
39,1.48,18.8,66.44,12.36,0.92
40,1.08,16.04,67.4,14.4,1.08
41,0.64,12.68,68.36,17.12,1.2
42,0.36,10.84,67.92,19.56,1.32
43,0.16,9.2,66.8,22.4,1.44
44,0,6.92,66.84,24.76,1.48
45,0,5.28,65.6,27.56,1.56
46,0,4,63.84,30.52,1.64
47,0,3.12,60.76,34.4,1.72
48,0,2.56,56.96,38.68,1.8
49,0,1.72,53.6,42.84,1.84
50,0,1.12,50.96,46.04,1.88
