Time[days],Healthy,Incubation,Infected,Cured,Dead
1,99.88,0.08,0.04,0,0
2,99.56,0.4,0.04,0,0
3,98.8,1.16,0.04,0,0
4,97.96,2,0.04,0,0
5,96.76,3.2,0.04,0,0
6,95.32,4.48,0.2,0,0
7,93.72,5.88,0.4,0,0
8,91.44,7.96,0.6,0,0
9,89.4,9.64,0.96,0,0
10,86.96,11.52,1.52,0,0
11,84.28,13.68,2.04,0,0
12,81.64,15.6,2.76,0,0
13,77.88,18.08,4,0,0.04
14,74.28,20.76,4.92,0,0.04
15,70.72,22.92,6.32,0,0.04
16,66.08,25.6,8.28,0,0.04
17,61.48,28.36,10.12,0,0.04
18,56.88,30.88,12.16,0.04,0.04
19,51.88,33.12,14.92,0.04,0.04
20,46.4,35.72,17.76,0.04,0.08
21,40.8,37.88,21.16,0.04,0.12
22,35.08,40.08,24.6,0.12,0.12
23,29.24,42.2,28.08,0.2,0.28
24,22.96,44.48,31.92,0.36,0.28
25,17.24,46.12,35.88,0.44,0.32
26,12.12,46.6,40,0.92,0.36
27,8.16,45.8,44.44,1.12,0.48
28,5.08,44.64,48.16,1.64,0.48
29,2.8,42,52.16,2.56,0.48
30,1.36,38.52,56.52,3.08,0.52
31,0.68,33.8,61.16,3.76,0.6
32,0.24,29.44,65.08,4.52,0.72
33,0.08,24.92,68.2,6.04,0.76
34,0,21.16,70.44,7.6,0.8
35,0,17.16,72.64,9.32,0.88
36,0,13.28,74.24,11.52,0.96
37,0,10.36,74.32,14.32,1
38,0,7.88,73.8,17.2,1.12
39,0,5.8,72.88,20.08,1.24
40,0,4.36,71,23.36,1.28
41,0,2.8,69,26.84,1.36
42,0,1.52,66.28,30.72,1.48
43,0,0.56,63.16,34.76,1.52
44,0,0.4,59.48,38.52,1.6
45,0,0.08,54.76,43.48,1.68
46,0,0,50.56,47.68,1.76
47,0,0,45.72,52.48,1.8
48,0,0,41.16,57,1.84
49,0,0,36.6,61.52,1.88
50,0,0,31.72,66.36,1.92
