Time[days],Healthy,Incubation,Infected,Cured,Dead
1,99.96,0,0.04,0,0
2,99.64,0,0.36,0,0
3,99,0,1,0,0
4,98.04,0,1.96,0,0
5,96.76,0,3.2,0,0.04
6,95.16,0,4.8,0,0.04
7,93.24,0,6.72,0,0.04
8,91,0,8.96,0,0.04
9,88.44,0,11.52,0,0.04
10,85.56,0,14.4,0,0.04
11,82.36,0,17.56,0,0.08
12,78.84,0,21.04,0,0.12
13,75,0,24.88,0,0.12
14,70.84,0,29,0,0.16
15,66.36,0,33.44,0,0.2
16,61.56,0,38.16,0,0.28
17,56.44,0,43.16,0.04,0.36
18,51,0,48.44,0.16,0.4
19,45.24,0,53.88,0.44,0.44
20,39.16,0,59.6,0.68,0.56
21,32.76,0,65.48,1.16,0.6
22,26.04,0,71.04,2.2,0.72
23,19,0,76.68,3.52,0.8
24,11.64,0,82.24,5.12,1
25,3.96,0,88.56,6.4,1.08
26,0,0,90.52,8.32,1.16
27,0,0,88.24,10.48,1.28
28,0,0,84.96,13.6,1.44
29,0,0,81.48,16.96,1.56
30,0,0,78.64,19.68,1.68
31,0,0,74.64,23.56,1.8
32,0,0,70.92,27.2,1.88
33,0,0,66.4,31.64,1.96
34,0,0,62.24,35.72,2.04
35,0,0,57.84,40.04,2.12
36,0,0,52.28,45.48,2.24
37,0,0,46.24,51.44,2.32
38,0,0,40.8,56.84,2.36
39,0,0,34.32,63.28,2.4
40,0,0,27.4,70.16,2.44
41,0,0,21,76.52,2.48
42,0,0,15.96,81.52,2.52
43,0,0,11.48,85.96,2.56
44,0,0,6.84,90.56,2.6
45,0,0,3.52,93.84,2.64
46,0,0,1.16,96.16,2.68
47,0,0,0.36,96.96,2.68
48,0,0,0,97.32,2.68
49,0,0,0,97.32,2.68
50,0,0,0,97.32,2.68
