Time[days],Healthy,Incubation,Infected,Cured,Dead
1,99.84,0.12,0.04,0,0
2,99.56,0.4,0.04,0,0
3,98.92,1.04,0.04,0,0
4,98.08,1.88,0.04,0,0
5,96.76,3.16,0.08,0,0
6,95.04,4.76,0.2,0,0
7,93.44,6.16,0.4,0,0
8,91.32,8.16,0.52,0,0
9,88.96,10.2,0.84,0,0
10,86.28,12.44,1.28,0,0
11,83.08,14.76,2.16,0,0
12,79.64,17.28,3.08,0,0
13,76.04,19.8,4.16,0,0
14,72.12,22.28,5.6,0,0
15,68.16,24.36,7.44,0,0.04
16,63.4,27.68,8.88,0,0.04
17,58.6,30.6,10.72,0.04,0.04
18,53.6,33.08,13.24,0.04,0.04
19,48,35.6,16.32,0.04,0.04
20,42.64,37.8,19.48,0.04,0.04
21,36.76,40.36,22.68,0.12,0.08
22,30.2,43.72,25.84,0.16,0.08
23,23.52,46.68,29.52,0.16,0.12
24,16.96,48.8,33.72,0.32,0.2
25,10.88,50.24,38.16,0.48,0.24
26,6.28,50.48,42.36,0.6,0.28
27,3.88,47.44,47.6,0.8,0.28
28,2.12,43.92,52.2,1.36,0.4
29,0.92,39.76,56.56,2.28,0.48
30,0.32,35.08,60.72,3.36,0.52
31,0.04,30.52,64.64,4.24,0.56
32,0,25.56,68.32,5.52,0.6
33,0,21.12,71.4,6.8,0.68
34,0,17.16,73.48,8.64,0.72
35,0,12.4,76.12,10.68,0.8
36,0,9.92,75.68,13.48,0.92
37,0,7.12,76.44,15.44,1
38,0,4.72,76.08,18.08,1.12
39,0,3.24,74.48,21.12,1.16
40,0,1.88,72.8,24.08,1.24
41,0,1.08,70.32,27.32,1.28
42,0,0.48,66.32,31.8,1.4
43,0,0.2,61.72,36.56,1.52
44,0,0.04,57.8,40.52,1.64
45,0,0,52.24,46,1.76
46,0,0,48.12,50.08,1.8
47,0,0,42.28,55.84,1.88
48,0,0,37.24,60.84,1.92
49,0,0,32.2,65.84,1.96
50,0,0,27.44,70.56,2
