Time[days],Healthy,Incubation,Infected,Cured,Dead
1,99.92,0.04,0.04,0,0
2,99.84,0.12,0.04,0,0
3,99.64,0.32,0.04,0,0
4,99.48,0.48,0.04,0,0
5,99.12,0.84,0.04,0,0
6,98.84,1.08,0.08,0,0
7,98.08,1.76,0.16,0,0
8,97.32,2.44,0.24,0,0
9,96.2,3.52,0.28,0,0
10,95.24,4.32,0.44,0,0
11,94.08,5.24,0.68,0,0
12,92.6,6.6,0.8,0,0
13,90.76,8,1.24,0,0
14,88.96,9.28,1.76,0,0
15,87.4,10.36,2.24,0,0
16,85.64,11.44,2.92,0,0
17,83.24,12.76,4,0,0
18,80.48,14.32,5.16,0.04,0
19,77.6,16.2,6.12,0.04,0.04
20,74.96,17.8,7.12,0.04,0.08
21,71.92,19.4,8.56,0.04,0.08
22,69,20.64,10.24,0.04,0.08
23,65.92,21.8,12.12,0.04,0.12
24,62.36,23.2,14.2,0.08,0.16
25,59.16,24.28,16.24,0.16,0.16
26,55.32,25.88,18.32,0.32,0.16
27,51.2,28.04,20.2,0.36,0.2
28,47.56,29.32,22.44,0.44,0.24
29,42.84,31.12,25.08,0.68,0.28
30,38.24,33,27.32,1,0.44
31,33.64,33.96,30.64,1.28,0.48
32,29.04,34.8,33.96,1.68,0.52
33,24.64,35.96,36.12,2.68,0.6
34,20.4,36.8,38.8,3.4,0.6
35,15.76,38.36,40.96,4.24,0.68
36,12.8,37.32,44.24,4.92,0.72
37,9.52,36.44,47.36,5.84,0.84
38,7.12,35.48,49.36,7.2,0.84
39,5.32,33.48,51.28,9.08,0.84
40,3.88,30.8,54.24,10.24,0.84
41,2.96,28.44,56.12,11.64,0.84
42,2.04,25.2,58.68,13.2,0.88
43,1.36,22.48,60.12,15.08,0.96
44,0.88,19.48,61.4,17.16,1.08
45,0.56,16.6,62.44,19.24,1.16
46,0.28,13.96,63.16,21.36,1.24
47,0.08,11.04,63.52,24.08,1.28
48,0.04,8.52,63.2,26.88,1.36
49,0,6.56,62.16,29.84,1.44
50,0,4.68,60.52,33.28,1.52
