Time[days],Healthy,Incubation,Infected,Cured,Dead
1,99.92,0.04,0.04,0,0
2,99.84,0.12,0.04,0,0
3,99.76,0.2,0.04,0,0
4,99.64,0.32,0.04,0,0
5,99.56,0.4,0.04,0,0
6,99.44,0.48,0.08,0,0
7,99.28,0.6,0.12,0,0
8,99.04,0.84,0.12,0,0
9,98.76,1.12,0.12,0,0
10,98.32,1.56,0.12,0,0
11,97.76,2.08,0.16,0,0
12,97.08,2.64,0.28,0,0
13,96.32,3.36,0.32,0,0
14,95.6,3.92,0.48,0,0
15,95,4.36,0.64,0,0
16,93.96,5.16,0.88,0,0
17,92.96,5.88,1.16,0,0
18,91.88,6.8,1.28,0.04,0
19,90.72,7.32,1.92,0.04,0
20,89.56,7.92,2.48,0.04,0
21,88.08,8.68,3.2,0.04,0
22,86.52,9.36,4.04,0.04,0.04
23,84.92,10.72,4.28,0.04,0.04
24,82.76,12.28,4.84,0.08,0.04
25,81.2,13.12,5.52,0.08,0.08
26,79.36,13.8,6.64,0.12,0.08
27,77.32,14.56,7.92,0.12,0.08
28,74.68,15.76,9.32,0.16,0.08
29,72.4,16.72,10.56,0.2,0.12
30,69.44,17.96,12.24,0.24,0.12
31,67,18.96,13.64,0.28,0.12
32,64.4,19.76,15.24,0.44,0.16
33,61.44,20.36,17.44,0.6,0.16
34,58.72,20.8,19.44,0.84,0.2
35,55.96,21.72,21,1.08,0.24
36,52.44,23.12,22.68,1.48,0.28
37,49.6,23.48,24.6,2,0.32
38,47,24.28,25.88,2.52,0.32
39,43.84,25.2,27.48,3.08,0.4
40,40.48,26.16,29.52,3.36,0.48
41,37.12,26.8,31.48,4.04,0.56
42,34.16,27,33.48,4.72,0.64
43,31.52,27.16,35.04,5.52,0.76
44,28.8,26.92,36.68,6.72,0.88
45,25.84,26.2,39.32,7.6,1.04
46,23.04,26.52,40.8,8.56,1.08
47,20.48,26,42.48,9.92,1.12
48,18.12,25.88,43.4,11.48,1.12
49,15.64,24.88,45.56,12.76,1.16
50,13.64,23.68,46.52,14.88,1.28
