Time[days],Healthy,Incubation,Infected,Cured,Dead
1,99.92,0.04,0.04,0,0
2,99.84,0.12,0.04,0,0
3,99.64,0.32,0.04,0,0
4,99.48,0.48,0.04,0,0
5,99.32,0.64,0.04,0,0
6,98.64,1.28,0.08,0,0
7,98.16,1.72,0.12,0,0
8,97.64,2.16,0.2,0,0
9,96.88,2.88,0.24,0,0
10,96.24,3.24,0.52,0,0
11,95.48,3.76,0.76,0,0
12,94.92,4.2,0.88,0,0
13,94.08,4.76,1.16,0,0
14,93,5.44,1.56,0,0
15,91.88,6.24,1.88,0,0
16,90.56,7.32,2.12,0,0
17,89.4,7.92,2.68,0,0
18,88.24,8.56,3.16,0.04,0
19,86.92,9.2,3.84,0.04,0
20,84.84,10.68,4.44,0.04,0
21,82.8,12.08,5.08,0.04,0
22,80.84,13.24,5.84,0.08,0
23,78.92,14.08,6.92,0.08,0
24,77.16,14.68,8.08,0.08,0
25,75.56,15.2,9,0.24,0
26,73.32,15.96,10.4,0.24,0.08
27,70.72,16.72,12.04,0.44,0.08
28,68,17.64,13.6,0.6,0.16
29,65.64,18.6,14.8,0.76,0.2
30,63.24,19.08,16.52,0.96,0.2
31,60.04,20.4,18.2,1.16,0.2
32,57.04,20.96,20.4,1.4,0.2
33,54,21.72,22.48,1.6,0.2
34,50.92,22.4,24.56,1.84,0.28
35,47.8,23.36,26.2,2.36,0.28
36,44.44,24.52,27.72,3,0.32
37,41.4,25.6,28.88,3.76,0.36
38,38.48,26.28,30.16,4.64,0.44
39,35.56,26.6,32.04,5.32,0.48
40,32.56,26.56,34.56,5.84,0.48
41,29.24,26.52,37.24,6.52,0.48
42,26.24,27.12,38.72,7.4,0.52
43,23.12,27.68,40.16,8.52,0.52
44,19.84,27.92,41.8,9.84,0.6
45,16.92,27.96,43.32,11.12,0.68
46,14.56,27.04,45,12.64,0.76
47,12.36,26,46.4,14.44,0.8
48,10.24,25.4,47.08,16.36,0.92
49,8.76,23.4,48.48,18.32,1.04
50,7.36,21.68,49.56,20.28,1.12
