Time[days],Healthy,Incubation,Infected,Cured,Dead
1,99.88,0.08,0.04,0,0
2,99.76,0.2,0.04,0,0
3,99.72,0.24,0.04,0,0
4,99.64,0.32,0.04,0,0
5,99.48,0.48,0.04,0,0
6,99.28,0.68,0.04,0,0
7,99.16,0.72,0.12,0,0
8,99,0.84,0.16,0,0
9,98.88,0.88,0.24,0,0
10,98.56,1.2,0.24,0,0
11,98.2,1.48,0.32,0,0
12,97.84,1.72,0.44,0,0
13,97.52,1.88,0.6,0,0
14,97.08,2.12,0.8,0,0
15,96.48,2.48,1.04,0,0
16,95.88,2.96,1.16,0,0
17,95.52,3.04,1.44,0,0
18,95.12,3.32,1.56,0,0
19,94.56,3.56,1.88,0,0
20,94.04,3.72,2.24,0,0
21,93.52,4.08,2.36,0.04,0
22,92.92,4.4,2.64,0.04,0
23,92.2,4.72,2.96,0.12,0
24,91.4,4.96,3.52,0.12,0
25,90.4,5.56,3.92,0.12,0
26,89.56,5.96,4.36,0.12,0
27,88.4,6.28,5.12,0.2,0
28,87.4,6.68,5.68,0.24,0
29,86.24,7.24,6.16,0.36,0
30,84.84,8.08,6.68,0.4,0
31,83.44,8.96,7,0.56,0.04
32,82.2,9.6,7.48,0.68,0.04
33,80.8,10.04,8.2,0.92,0.04
34,79.28,10.2,9.4,1.04,0.08
35,77.52,11.16,9.88,1.36,0.08
36,75.36,12.16,10.76,1.6,0.12
37,73.64,12.96,11.48,1.8,0.12
38,72,13.6,12.36,1.92,0.12
39,70.2,14,13.44,2.24,0.12
40,67.88,15.04,14.32,2.56,0.2
41,65.64,16.04,15.2,2.92,0.2
42,63.68,16.48,16.12,3.52,0.2
43,61.24,17.48,17.04,4,0.24
44,59.16,17.48,18.6,4.48,0.28
45,57,17.92,19.8,4.88,0.4
46,54.8,18.52,20.8,5.4,0.48
47,52.36,19.28,21.8,6.04,0.52
48,50.2,19.52,22.92,6.76,0.6
49,47.68,19.76,24.72,7.24,0.6
50,45.48,20,26,7.88,0.64
